function [dy] = HFrosen(x1,x2)
dy = [1200*x1^2-400*x2+2 , -400*x1;
      -400*x1 , 200];
end